7747503	
6695496	
5867359	
8555367	
6487421	
4270139	
8748622	
8994367	
7964252	
8143617	
7807135	
8392011	
5727136	
8453258	
8643476	
5035193	
4347054	
7598473	
8317072	
3277925	
6924619	
7650773	
3179746	
8023034	
6241505	
7960401	
3298738	
8225878	
5694796	
5021825	
7518264	
7046364	
4421727	
5425108	
8132421	
3117239	
7917990	
7224760	
6044048	
7475211	
8100644	
7646904	
5580322	
4897509	
8104140	
6763060	
4705287	
5784738	
7147153	
4954550	
4737902	
3315801	
7876103	
8256331	
5577632	
5090351	
8854631	
8473480	
4481015	
3853147	
5569449	
8740525	
8305752	
5373854	
7051492	
5087900	
3180679	
5860475	
4894873	
5836426	
3238595	
4046749	
3560519	
6261444	
7841037	
7028462	
3973006	
6320612	
5930563	
6563628	
7807097
8987612
5845180
4810544
3716174
8385087
5581538
3261199
7355604
8801834
5049824
7536164
5927036
5080986
4291976
7698593
5856091
6093397
6831410
7222858